1747733758604 0.9545348286628723 250000
1747733759076 0.5705127120018005 500000
1747733759515 0.3816457688808441 750000
1747733760013 0.21673139929771423 1000000
1747733760449 0.11246438324451447 1250000
1747733760875 0.06322905421257019 1500000
1747733761309 0.040815770626068115 1750000
1747733761782 0.030152615159749985 2000000
1747733762251 0.02101866528391838 2250000
1747733762680 0.014244376681745052 2500000
1747733763151 0.011339395307004452 2750000
1747733763597 0.009165626950562 3000000
1747733764053 0.007683911826461554 3250000
1747733764483 0.00652505736798048 3500000
1747733764935 0.005518636200577021 3750000
1747733765496 0.004809978883713484 4000000
1747733766031 0.004266072530299425 4250000
1747733766761 0.0037177815102040768 4500000
1747733768008 0.0032750205136835575 4750000
1747733768506 0.002706269035115838 5000000
