1747733449279 1.3840376138687134 250000
1747733449730 0.9141603708267212 500000
1747733450183 0.655917763710022 750000
1747733450627 0.39361804723739624 1000000
1747733451063 0.13477829098701477 1250000
1747733451535 0.07138743996620178 1500000
1747733451976 0.04953606426715851 1750000
1747733452457 0.03459956869482994 2000000
1747733453142 0.027351241558790207 2250000
1747733453661 0.022854123264551163 2500000
1747733454170 0.019760819151997566 2750000
1747733455165 0.01737767457962036 3000000
1747733455811 0.015319670550525188 3250000
1747733456276 0.014283968135714531 3500000
1747733456750 0.01285029947757721 3750000
1747733457286 0.012164548970758915 4000000
1747733457714 0.011511636897921562 4250000
1747733458370 0.011125234887003899 4500000
1747733459130 0.009450577199459076 4750000
1747733459731 0.00820103008300066 5000000
