1747734021087 0.9293137788772583 250000
1747734021540 0.4779652953147888 500000
1747734021995 0.2958182990550995 750000
1747734022441 0.18706847727298737 1000000
1747734022895 0.11040816456079483 1250000
1747734023343 0.05650113523006439 1500000
1747734023827 0.04198868200182915 1750000
1747734024373 0.031160753220319748 2000000
1747734024905 0.02278835140168667 2250000
1747734025725 0.014961072243750095 2500000
1747734027318 0.009451930411159992 2750000
1747734028036 0.005690203048288822 3000000
1747734028850 0.004306593909859657 3250000
1747734029492 0.0036283237859606743 3500000
1747734029937 0.0033475421369075775 3750000
1747734030456 0.0030679809860885143 4000000
1747734030947 0.0027948804199695587 4250000
1747734031385 0.0026009674184024334 4500000
1747734031820 0.002485996577888727 4750000
1747734032264 0.0034940389450639486 5000000
