1747733891484 0.6003769636154175 250000
1747733891946 0.3323657810688019 500000
1747733892392 0.18064936995506287 750000
1747733892840 0.08760485798120499 1000000
1747733893285 0.04716657102108002 1250000
1747733893744 0.02745305746793747 1500000
1747733894212 0.01858541928231716 1750000
1747733894792 0.013729770667850971 2000000
1747733895366 0.011008668690919876 2250000
1747733895908 0.007934373803436756 2500000
1747733896625 0.006271359510719776 2750000
1747733897131 0.0053108492866158485 3000000
1747733897871 0.004390072077512741 3250000
1747733898395 0.0036475094966590405 3500000
1747733899126 0.0031917933374643326 3750000
1747733899726 0.002855239901691675 4000000
1747733900188 0.002782917581498623 4250000
1747733900627 0.0024796677753329277 4500000
1747733901072 0.002451416337862611 4750000
1747733901507 0.0023927618749439716 5000000
