1747723056987 0.7896681427955627 250000
1747723057478 0.5152737498283386 500000
1747723058039 0.35372889041900635 750000
1747723058499 0.1871982216835022 1000000
1747723058949 0.10516659915447235 1250000
1747723059411 0.05778096988797188 1500000
1747723059865 0.04107121750712395 1750000
1747723060321 0.033089496195316315 2000000
1747723060771 0.028208481147885323 2250000
1747723061228 0.023994876071810722 2500000
1747723061679 0.019531358033418655 2750000
1747723062129 0.016146322712302208 3000000
1747723062585 0.01149691827595234 3250000
1747723063049 0.008463610894978046 3500000
1747723063532 0.00701673049479723 3750000
1747723063981 0.006049662362784147 4000000
1747723064433 0.005030019674450159 4250000
1747723064901 0.004269887693226337 4500000
1747723065587 0.003977922257035971 4750000
1747723066248 0.003382759867236018 5000000
